# Values shown are for the Center of each Element:
# Index  name      key                      s       l         s         l     angle           b          b1           x           z       theta       eta      etap        beta       alpha        beta       alpha
#                                                                                         field    gradient    position    position    position         x         x           a           a           b           b
      0  BEGINNING Beginning_Ele        0.000   0.000  0.000000  0.000000  0.000000    0.000000    0.000000    0.000000    0.000000    0.008000  0.000000  0.000000    0.420000    0.000000    0.050000    0.000000
      1  D0ER      Drift                2.650   5.300  2.650000  5.300000  0.000000    0.000000    0.000000    0.021200    2.649915    0.008000  0.000000  0.000000   17.140238   -6.309524  140.500000  -53.000000
      2  Q1ER      Quadrupole           6.200   1.800  6.200000  1.800000  0.000000    0.000000   13.428092    0.049599    6.199802    0.008000  0.000000  0.000000  107.853459  -35.127821  649.891126   14.156151
      3  D1ER      Drift                7.350   0.500  7.350000  0.500000  0.000000    0.000000    0.000000    0.058799    7.349765    0.008000  0.000000  0.000000  254.067085  -93.216624  456.373125  117.141664
      4  Q2ER      Quadrupole           8.300   1.400  8.300000  1.400000  0.000000    0.000000  -12.850280    0.066399    8.299734    0.008000  0.000000  0.000000  421.054924  -61.202353  293.908239   46.726384
      5  D2ER      Drift                9.250   0.500  9.250000  0.500000  0.000000    0.000000    0.000000    0.073999    9.249704    0.008000  0.000000  0.000000  460.374277    4.141764  257.448947    4.107155
      6  B2ER      Sbend               12.250   5.500 12.250039  5.500077 -0.018332    0.200125   -0.000000    0.110602   12.249507    0.017166 -0.012604 -0.009166  435.916150    4.023468  233.389350    3.906047
      7  D3ER      Drift               26.350  22.700 26.350077 22.700000  0.000000    0.000000    0.000000    0.469246   26.344951    0.026332 -0.258491 -0.018333  330.258328    3.467459  136.969033    2.927793
      8  Q3ER      Quadrupole          38.000   0.600 38.000077  0.600000  0.000000    0.000000   -3.901304    0.775982   37.990912    0.026332 -0.470700 -0.009193  253.327805    7.955809   78.697211    0.582619
      9  DQCRAB    Drift               38.450   0.300 38.450077  0.300000  0.000000    0.000000    0.000000    0.787830   38.440756    0.026332 -0.472080  0.000000  243.320146   12.607391   79.096183   -0.959356
     10  DECRAB    Drift               40.600   4.000 40.600077  4.000000  0.000000    0.000000    0.000000    0.844438   40.590011    0.026332 -0.472080  0.000000  192.146963   11.194090   83.333642   -1.011555
     11  D4ER      Drift               48.400  11.600 48.400077 11.600000  0.000000    0.000000    0.000000    1.049807   48.387307    0.026332 -0.472080  0.000000   57.512284    6.066766  100.591029   -1.200930
     12  Q4ER      Quadrupole          54.500   0.600 54.500077  0.600000  0.000000    0.000000    8.137357    1.210416   54.485192    0.026332 -0.474962 -0.019233    8.060215    1.731343  114.738112    3.335095
     13  D5ER      Drift               58.852   8.104 58.852168  8.104182  0.000000    0.000000    0.000000    1.325003   58.835774    0.026332 -0.640463 -0.038701    2.807134   -0.220004   56.984405    5.571466
     14  Q5ER      Quadrupole          63.204   0.600 63.204259  0.600000  0.000000    0.000000  -20.000000    1.439591   63.186357    0.026332 -0.796915  0.041153   11.456773   -0.690082   19.737958    1.173081
     15  DER       Drift               66.189   5.370 66.189183  5.369849  0.000000    0.000000    0.000000    1.518182   66.170246    0.026332 -0.451123  0.119777    9.940767    0.158276   24.555397   -1.030191
     16  Q6ER      Quadrupole          69.174   0.600 69.174108  0.600000  0.000000    0.000000   12.150858    1.596772   69.154136    0.026332 -0.094670  0.112981   10.095751   -0.758572   30.888614    0.605873
     17  DER       Drift               72.159   5.370 72.159032  5.369849  0.000000    0.000000    0.000000    1.675363   72.138025    0.026332  0.229099  0.108247   20.651734   -2.231662   18.613691    1.807795
     18  Q7ER      Quadrupole          75.144   0.600 75.143956  0.600000  0.000000    0.000000  -20.000000    1.753954   75.121914    0.026332  0.544274  0.054950   35.487772    0.485277   10.169996    0.117770
     19  DER       Drift               78.129   5.370 78.128881  5.369849  0.000000    0.000000    0.000000    1.832545   78.105804    0.026332  0.552566  0.000010   16.549178    2.634137   16.781930   -1.429055
     20  Q8ER      Quadrupole          81.114   0.600 81.113805  0.600000  0.000000    0.000000    3.200970    1.911136   81.089693    0.026332  0.553922  0.008855    5.123472    1.120679   26.801206   -1.540904
     21  DER       Drift               84.099   5.370 84.098729  5.369849  0.000000    0.000000    0.000000    1.989727   84.073583    0.026332  0.605548  0.017743    2.530126   -0.178123   34.307027   -1.359394
     22  Q9ER      Quadrupole          87.084   0.600 87.083653  0.600000  0.000000    0.000000   18.018633    2.068318   87.057472    0.026332  0.667374  0.077055    7.415988   -2.055938   42.015264    2.209687
     23  DWW       Drift               87.534   0.300 87.533653  0.300000  0.000000    0.000000    0.000000    2.080166   87.507316    0.026332  0.720396  0.138453    9.883043   -3.237263   37.890995    5.635388
     24  DB23ER    Sbend               89.303   3.238 89.302689  3.238072  0.018910   -0.350632   -0.000000    2.119092   89.275916    0.016877  0.973008  0.147902   24.973049   -5.292014   20.653217    4.107033
     25  DWW       Drift               91.072   0.300 91.071725  0.300000  0.000000    0.000000    0.000000    2.139876   91.044822    0.007423  1.243677  0.157363   47.328049   -7.346765    8.829501    2.577073
     26  Q10ER     Quadrupole          91.522   0.600 91.521725  0.600000  0.000000    0.000000  -16.438746    2.143216   91.494810    0.007423  1.298715  0.051765   52.889565   -3.492143    6.862423    1.630669
     27  DWW       Drift               91.972   0.300 91.971725  0.300000  0.000000    0.000000    0.000000    2.146556   91.944798    0.007423  1.289947 -0.055106   53.417597    0.873148    5.801125    0.928003
     28  DB23ER    Sbend               93.741   3.238 93.740761  3.238072  0.018910   -0.350632   -0.000000    2.152033   93.713817   -0.002032  1.200174 -0.045649   50.436253    0.814786    3.521091    0.360587
     29  DWW       Drift               95.510   0.300 95.509797  0.300000  0.000000    0.000000    0.000000    2.139366   95.482800   -0.011487  1.128439 -0.036196   47.652369    0.756424    3.249601   -0.206970
     30  Q11ER     Quadrupole          95.960   0.600 95.959797  0.600000  0.000000    0.000000   -7.568140    2.134197   95.932771   -0.011487  1.105807 -0.078377   46.445671    2.504532    3.539922   -0.484375
     31  DWW       Drift               96.410   0.300 96.409797  0.300000  0.000000    0.000000    0.000000    2.129028   96.382741   -0.011487  1.058122 -0.119669   43.209314    4.083025    4.134162   -0.794916
     32  DB23ER    Sbend               98.179   3.238 98.178832  3.238072  0.018910   -0.350632   -0.000000    2.101054   98.151548   -0.020942  0.854126 -0.110209   30.046466    3.359591    8.180912   -1.492818
     33  DWW       Drift               99.948   0.300 99.947868  0.300000  0.000000    0.000000    0.000000    2.054940   99.919975   -0.030397  0.668198 -0.100759   19.437666    2.636157   14.697390   -2.190138
     34  Q12ER     Quadrupole         100.398   0.600 100.39787  0.600000  0.000000    0.000000   13.383122    2.041263  100.369767   -0.030397  0.629317 -0.057954   17.504207    1.290207   16.424023   -1.262750
     35  DWS       Drift              100.898   0.400 100.89787  0.400000  0.000000    0.000000    0.000000    2.026067  100.869536   -0.030397  0.614933 -0.016313   17.045423    0.097980   16.931088   -0.187780
     36  MROT3     Marker             101.098   0.000 101.09787  0.000000  0.000000    0.000000    0.000000    2.019988  101.069444   -0.030397  0.611671 -0.016313   17.008600    0.086134   17.008646   -0.200009
     37  END       Marker             101.098   0.000 101.09787  0.000000  0.000000    0.000000    0.000000    2.019988  101.069444   -0.030397  0.611671 -0.016313   17.008600    0.086134   17.008646   -0.200009
